NUMPOLLIES 36

// X Y Z ~tailing

// Пол
f -14.0 0.0 -5.0 0.0  20.0
f -14.0 0.0  1.0 0.0  0.0
f  3.0  0.0  1.0 20.0 0.0

f -14.0 0.0 -5.0 0.0  20.0
f  3.0  0.0 -5.0 20.0 20.0
f  3.0  0.0  1.0 20.0 0.0

// Потолок
c -14.0 1.0 -5.0 0.0 9.0
c -14.0 1.0  1.0 0.0 0.0
c  3.0  1.0  1.0 9.0 0.0
c -14.0 1.0 -5.0 0.0 9.0
c  3.0  1.0 -5.0 9.0 9.0
c  3.0  1.0  1.0 9.0 0.0
 
// A1
w -1.4  1.0  -4.0 0.0 1.0
w -1.4  0.0  -4.0 0.0 0.0
w -0.5  0.0  -4.0 1.0 0.0
w -1.4  1.0  -4.0 0.0 1.0
w -0.5  1.0  -4.0 1.0 1.0
w -0.5  0.0  -4.0 1.0 0.0

// A2
w  0.5  1.0  -4.0 0.0 1.0
w  0.5  0.0  -4.0 0.0 0.0
w  2.5  0.0  -4.0 1.0 0.0
w  0.5  1.0  -4.0 0.0 1.0
w  2.5  1.0  -4.0 1.0 1.0
w  2.5  0.0  -4.0 1.0 0.0

// D1
d -0.5  1.0  -4.0 0.0 1.0
d -0.5  0.0  -4.0 0.0 0.0
d  0.5  0.0  -4.0 1.0 0.0
d -0.5  1.0  -4.0 0.0 1.0
d  0.5  1.0  -4.0 1.0 1.0
d  0.5  0.0  -4.0 1.0 0.0

// A3
w -0.5  1.0  -2.0 0.0 1.0
w -0.5  0.0  -2.0 0.0 0.0
w -0.5  0.0   1.0 1.0 0.0
w -0.5  1.0  -2.0 0.0 1.0
w -0.5  1.0   1.0 1.0 1.0
w -0.5  0.0   1.0 1.0 0.0

// A4
w  0.5  1.0  -2.0 0.0 1.0
w  0.5  0.0  -2.0 0.0 0.0
w  0.5  0.0   1.0 1.0 0.0
w  0.5  1.0  -2.0 0.0 1.0
w  0.5  1.0   1.0 1.0 1.0
w  0.5  0.0   1.0 1.0 0.0

// D3
d -0.5  1.0   1.0 0.0 1.0
d -0.5  0.0   1.0 0.0 0.0
d  0.5  0.0   1.0 1.0 0.0
d -0.5  1.0   1.0 0.0 1.0
d  0.5  1.0   1.0 1.0 1.0
d  0.5  0.0   1.0 1.0 0.0

// A6
w -1.0  1.0  -2.0 0.0 1.0
w -1.0  0.0  -2.0 0.0 0.0
w -0.5  0.0  -2.0 1.0 0.0
w -1.0  1.0  -2.0 0.0 1.0
w -0.5  1.0  -2.0 1.0 1.0
w -0.5  0.0  -2.0 1.0 0.0

// A7
w  0.5  1.0  -2.0 0.0 1.0
w  0.5  0.0  -2.0 0.0 0.0
w  2.5  0.0  -2.0 1.0 0.0
w  0.5  1.0  -2.0 0.0 1.0
w  2.5  1.0  -2.0 1.0 1.0
w  2.5  0.0  -2.0 1.0 0.0

// D2
d  1.5  1.0  -2.0 0.0 1.0
d  1.5  0.0  -2.0 0.0 0.0
d  1.5  0.0  -4.0 1.0 0.0
d  1.5  1.0  -2.0 0.0 1.0
d  1.5  1.0  -4.0 1.0 1.0
d  1.5  0.0  -4.0 1.0 0.0

// D4
d -1.5  1.0  -2.0 0.0 1.0
d -1.5  0.0  -2.0 0.0 0.0
d -1.0  0.0  -2.0 1.0 0.0
d -1.5  1.0  -2.0 0.0 1.0
d -1.0  1.0  -2.0 1.0 1.0
d -1.0  0.0  -2.0 1.0 0.0

// D5
d -2.0  1.0  -2.0 0.0 1.0
d -2.0  0.0  -2.0 0.0 0.0
d -1.5  0.0  -2.0 1.0 0.0
d -2.0  1.0  -2.0 0.0 1.0
d -1.5  1.0  -2.0 1.0 1.0
d -1.5  0.0  -2.0 1.0 0.0

// D6
d -3.0  1.0  -2.0 0.0 1.0
d -3.0  0.0  -2.0 0.0 0.0
d -2.0  0.0  -2.0 1.0 0.0
d -3.0  1.0  -2.0 0.0 1.0
d -2.0  1.0  -2.0 1.0 1.0
d -2.0  0.0  -2.0 1.0 0.0

// D7
d -3.0  1.0  -4.0 0.0 1.0
d -3.0  0.0  -4.0 0.0 0.0
d -1.4  0.0  -4.0 1.0 0.0
d -3.0  1.0  -4.0 0.0 1.0
d -1.4  1.0  -4.0 1.0 1.0
d -1.4  0.0  -4.0 1.0 0.0

// D8
d -5.0  1.0  -2.0 0.0 1.0
d -5.0  0.0  -2.0 0.0 0.0
d -3.0  0.0  -2.0 1.0 0.0
d -5.0  1.0  -2.0 0.0 1.0
d -3.0  1.0  -2.0 1.0 1.0
d -3.0  0.0  -2.0 1.0 0.0

// D9
d -7.0  1.0  -2.0 0.0 1.0
d -7.0  0.0  -2.0 0.0 0.0
d -5.0  0.0  -2.0 1.0 0.0
d -7.0  1.0  -2.0 0.0 1.0
d -5.0  1.0  -2.0 1.0 1.0
d -5.0  0.0  -2.0 1.0 0.0

// D10
d -8.5  1.0  -2.0 0.0 1.0
d -8.5  0.0  -2.0 0.0 0.0
d -7.0  0.0  -2.0 1.0 0.0
d -8.5  1.0  -2.0 0.0 1.0
d -7.0  1.0  -2.0 1.0 1.0
d -7.0  0.0  -2.0 1.0 0.0

// D11
d22 -9.5  1.0  -2.0 0.0 1.0
d22 -9.5  0.0  -2.0 0.0 0.0
d22 -8.5  0.0  -2.0 1.0 0.0
d22 -9.5  1.0  -2.0 0.0 1.0
d22 -8.5  1.0  -2.0 1.0 1.0
d22 -8.5  0.0  -2.0 1.0 0.0

// D12
d -10.5  1.0  -2.0 0.0 1.0
d -10.5  0.0  -2.0 0.0 0.0
d -9.5   0.0  -2.0 1.0 0.0
d -10.5  1.0  -2.0 0.0 1.0
d -9.5   1.0  -2.0 1.0 1.0
d -9.5   0.0  -2.0 1.0 0.0

// A8
w -14.0  1.0  -2.0 0.0 1.0
w -14.0  0.0  -2.0 0.0 0.0
w -10.5  0.0  -2.0 1.0 0.0
w -14.0  1.0  -2.0 0.0 1.0
w -10.5  1.0  -2.0 1.0 1.0
w -10.5  0.0  -2.0 1.0 0.0

// D13
d -14.0  1.0  -2.0 0.0 1.0
d -14.0  0.0  -2.0 0.0 0.0
d -14.0  0.0  -4.0 1.0 0.0
d -14.0  1.0  -2.0 0.0 1.0
d -14.0  1.0  -4.0 1.0 1.0
d -14.0  0.0  -4.0 1.0 0.0

// D14
d -14.0  1.0  -4.0 0.0 1.0
d -14.0  0.0  -4.0 0.0 0.0
d -13.5  0.0  -4.0 1.0 0.0
d -14.0  1.0  -4.0 0.0 1.0
d -13.5  1.0  -4.0 1.0 1.0
d -13.5  0.0  -4.0 1.0 0.0

// D15
d -13.5  1.0  -4.0 0.0 1.0
d -13.5  0.0  -4.0 0.0 0.0
d -12.0  0.0  -4.0 1.0 0.0
d -13.5  1.0  -4.0 0.0 1.0
d -12.0  1.0  -4.0 1.0 1.0
d -12.0  0.0  -4.0 1.0 0.0

// D16
d -12.0  1.0  -4.0 0.0 1.0
d -12.0  0.0  -4.0 0.0 0.0
d -11.5  0.0  -4.0 1.0 0.0
d -12.0  1.0  -4.0 0.0 1.0
d -11.5  1.0  -4.0 1.0 1.0
d -11.5  0.0  -4.0 1.0 0.0

// A9
w -11.5  1.0  -4.0 0.0 1.0
w -11.5  0.0  -4.0 0.0 0.0
w -10.5  0.0  -4.0 1.0 0.0
w -11.5  1.0  -4.0 0.0 1.0
w -10.5  1.0  -4.0 1.0 1.0
w -10.5  0.0  -4.0 1.0 0.0

// D17
dit -10.5 1.0  -4.0 0.0 1.0
dit -10.5 0.0  -4.0 0.0 0.0
dit -9.5  0.0  -4.0 1.0 0.0
dit -10.5 1.0  -4.0 0.0 1.0
dit -9.5  1.0  -4.0 1.0 1.0
dit -9.5  0.0  -4.0 1.0 0.0

// D18
d -9.5  1.0  -4.0 0.0 1.0
d -9.5  0.0  -4.0 0.0 0.0
d -8.5  0.0  -4.0 1.0 0.0
d -9.5  1.0  -4.0 0.0 1.0
d -8.5  1.0  -4.0 1.0 1.0
d -8.5  0.0  -4.0 1.0 0.0

// D19
d -8.5  1.0  -4.0 0.0 1.0
d -8.5  0.0  -4.0 0.0 0.0
d -7.0  0.0  -4.0 1.0 0.0
d -8.5  1.0  -4.0 0.0 1.0
d -7.0  1.0  -4.0 1.0 1.0
d -7.0  0.0  -4.0 1.0 0.0

// D20
d -7.0  1.0  -4.0 0.0 1.0
d -7.0  0.0  -4.0 0.0 0.0
d -5.0  0.0  -4.0 1.0 0.0
d -7.0  1.0  -4.0 0.0 1.0
d -5.0  1.0  -4.0 1.0 1.0
d -5.0  0.0  -4.0 1.0 0.0

// D21
d -5.0  1.0  -4.0 0.0 1.0
d -5.0  0.0  -4.0 0.0 0.0
d -3.0  0.0  -4.0 1.0 0.0
d -5.0  1.0  -4.0 0.0 1.0
d -3.0  1.0  -4.0 1.0 1.0
d -3.0  0.0  -4.0 1.0 0.0